<list>
<gaintable AD9371 type=FULL dest=3 start=300000000 end=6000000000>
	30000, 0, 0, 0, 0
	29500, 3, 0, 2, 1
	29000, 6, 0, 3, 1
	28500, 10, 0, 0, 0
	28000, 13, 0, 1, 1
	27500, 16, 0, 0, 0
	27000, 18, 0, 3, 1
	26500, 21, 0, 1, 1
	26000, 23, 0, 3, 1
	25500, 25, 0, 4, 1
	25000, 28, 0, 0, 0
	24500, 30, 0, 0, 0
	24000, 31, 0, 5, 1
	23500, 33, 0, 4, 1
	23000, 35, 0, 2, 1
	22500, 37, 0, 0, 0
	22000, 38, 0, 4, 1
	21500, 39, 0, 7, 1
	21000, 41, 0, 2, 1
	20500, 42, 0, 4, 1
	20000, 43, 0, 6, 1
	19500, 44, 0, 8, 1
	19000, 45, 0, 9, 1
	18500, 46, 0, 10, 1
	18000, 47, 0, 10, 1
	17500, 48, 0, 9, 1
	17000, 49, 0, 8, 1
	16500, 50, 0, 6, 1
	16000, 51, 0, 3, 1
	15500, 51, 0, 13, 1
	15000, 52, 0, 9, 1
	14500, 53, 0, 5, 1
	14000, 53, 0, 15, 1
	13500, 54, 0, 9, 1
	13000, 54, 0, 19, 1
	12500, 55, 0, 11, 1
	12000, 55, 0, 21, 1
	11500, 56, 0, 11, 1
	11000, 56, 0, 21, 1
	10500, 57, 0, 9, 1
	10000, 57, 0, 19, 1
	9500, 57, 0, 29, 1
	9000, 58, 0, 12, 1
	8500, 58, 0, 22, 1
	8000, 58, 0, 32, 1
	7500, 59, 0, 11, 1
	7000, 59, 0, 21, 1
	6500, 59, 0, 31, 1
	6000, 59, 0, 41, 1
	5500, 60, 0, 13, 1
	5000, 60, 0, 23, 1
	4500, 60, 0, 33, 1
	4000, 60, 0, 43, 1
	3500, 60, 0, 53, 1
	3000, 61, 0, 14, 1
	2500, 61, 0, 24, 1
	2000, 61, 0, 34, 1
	1500, 61, 0, 44, 1
	1000, 61, 0, 54, 1
	500, 61, 0, 64, 1
	0, 61, 0, 74, 1
</gaintable>

<gaintable AD9371 type=FULL dest=4 start=300000000 end=6000000000>
	18000, 0, 0, 0, 0
	17000, 7, 0, 0, 0
	16000, 13, 0, 1, 1
	15000, 18, 0, 3, 1
	14000, 23, 0, 3, 1
	13000, 28, 0, 0, 0
	12000, 32, 0, 0, 0
	11000, 35, 0, 2, 1
	10000, 38, 0, 4, 1
	9000, 41, 0, 2, 1
	8000, 43, 0, 6, 1
	7000, 46, 0, 0, 0
	6000, 47, 0, 10, 1
	5000, 49, 0, 8, 1
	4000, 51, 0, 3, 1
	3000, 52, 0, 9, 1
	2000, 53, 0, 14, 1
	1000, 54, 0, 18, 1
	0, 56, 0, 0, 0
</gaintable>

<gaintable AD9371 type=FULL dest=5 start=300000000 end=6000000000>
	52000, 0, 0, 0, 0
	51000, 1, 0, 7, 1
	50000, 3, 0, 1, 0
	49000, 3, 0, 15, 1
	48000, 5, 0, 0, 0
	47000, 6, 0, 2, 1
	46000, 7, 0, 2, 1
	45000, 8, 0, 12, 1
	44000, 9, 0, 7, 1
	43000, 11, 0, 1, 0
	42000, 11, 0, 15, 1
	41000, 13, 0, 1, 0
	40000, 14, 0, 2, 0
	39000, 14, 0, 10, 1
	38000, 15, 0, 0, 0
	37000, 15, 0, 20, 1
	36000, 16, 0, 2, 1
	35000, 16, 0, 22, 1
	34000, 17, 0, 1, 0
	33000, 17, 0, 15, 1
	32000, 17, 0, 35, 1
	31000, 17, 0, 55, 1
	30000, 18, 0, 7, 1
	29000, 18, 0, 27, 1
	28000, 6, 1, 7, 1
	27000, 7, 1, 7, 1
	26000, 8, 1, 17, 1
	25000, 9, 1, 12, 1
	24000, 11, 1, 0, 0
	23000, 12, 1, 3, 1
	22000, 13, 1, 0, 0
	21000, 14, 1, 1, 0
	20000, 14, 1, 15, 1
	19000, 15, 1, 5, 1
	18000, 15, 1, 25, 1
	17000, 16, 1, 7, 1
	16000, 16, 1, 27, 1
	15000, 17, 1, 0, 0
	14000, 17, 1, 20, 1
	13000, 17, 1, 40, 1
	12000, 17, 1, 60, 1
	11000, 18, 1, 12, 1
	10000, 18, 1, 32, 1
	9000, 18, 1, 52, 1
	8000, 18, 1, 72, 1
	7000, 18, 1, 92, 1
	6000, 19, 1, 1, 0
	5000, 19, 1, 15, 1
	4000, 19, 1, 35, 1
	3000, 19, 1, 55, 1
	2000, 19, 1, 75, 1
	1000, 19, 1, 95, 1
	0, 19, 1, 115, 1
</gaintable>
</list>
