<list>
<gaintable ADRV9009 type=FULL dest=2 start=0 end=6000000000>
	30000, 0, 0, 0, 14, 0
	29500, 14, 0, 0, 14, 0
	29000, 27, 0, 0, 15, 0
	28500, 41, 0, 0, 14, 0
	28000, 53, 0, 0, 13, 0
	27500, 67, 0, 0, 14, 0
	27000, 78, 0, 0, 15, 0
	26500, 88, 0, 0, 14, 0
	26000, 100, 0, 0, 14, 0
	25500, 109, 0, 0, 14, 0
	25000, 118, 0, 0, 14, 0
	24500, 126, 0, 0, 14, 0
	24000, 135, 0, 0, 15, 0
	23500, 142, 0, 0, 15, 0
	23000, 149, 0, 0, 14, 0
	22500, 155, 0, 0, 14, 0
	22000, 163, 0, 0, 15, 0
	21500, 169, 0, 0, 15, 0
	21000, 174, 0, 0, 14, 0
	20500, 179, 0, 0, 15, 0
	20000, 183, 0, 0, 13, 0
	19500, 187, 0, 0, 13, 0
	19000, 193, 0, 0, 15, 0
	18500, 196, 0, 0, 13, 0
	18000, 200, 0, 0, 14, 0
	17500, 203, 0, 0, 13, 0
	17000, 206, 0, 0, 13, 0
	16500, 209, 0, 0, 13, 0
	16000, 212, 0, 0, 14, 0
	15500, 214, 0, 0, 12, 0
	15000, 217, 0, 0, 14, 0
	14500, 219, 0, 0, 13, 0
	14000, 221, 0, 0, 13, 0
	13500, 224, 0, 0, 13, 0
	13000, 226, 0, 0, 14, 0
	12500, 228, 0, 0, 15, 0
	12000, 229, 0, 0, 12, 0
	11500, 231, 0, 0, 16, 0
	11000, 232, 0, 0, 12, 0
	10500, 234, 0, 0, 17, 0
	10000, 235, 0, 0, 16, 0
	9500, 236, 0, 0, 14, 0
	9000, 237, 0, 0, 14, 0
	8500, 238, 0, 0, 13, 0
	8000, 239, 0, 0, 14, 0
	7500, 240, 0, 0, 14, 0
	7000, 241, 0, 0, 17, 0
	6500, 242, 0, 0, 19, 0
	6000, 242, 0, 0, 9, 0
	5500, 243, 0, 0, 13, 0
	5000, 244, 0, 0, 18, 0
	4500, 244, 0, 0, 8, 0
	4000, 245, 0, 0, 15, 0
	3500, 246, 0, 0, 23, 0
	3000, 246, 0, 0, 13, 0
	2500, 247, 0, 0, 25, 0
	2000, 247, 0, 0, 15, 0
	1500, 247, 0, 0, 5, 0
	1000, 248, 0, 0, 16, 0
	500, 248, 0, 0, 6, 0
	0, 249, 0, 0, 24, 0
</gaintable>

<gaintable ADRV9009 type=FULL dest=5 start=0 end=6000000000>
	30000, 0, 0, 0, 14
	29500, 14, 0, 0, 14
	29000, 27, 0, 0, 15
	28500, 41, 0, 0, 14
	28000, 53, 0, 0, 13
	27500, 67, 0, 0, 14
	27000, 78, 0, 0, 15
	26500, 88, 0, 0, 14
	26000, 100, 0, 0, 14
	25500, 109, 0, 0, 14
	25000, 118, 0, 0, 14
	24500, 126, 0, 0, 14
	24000, 135, 0, 0, 15
	23500, 142, 0, 0, 15
	23000, 149, 0, 0, 14
	22500, 155, 0, 0, 14
	22000, 163, 0, 0, 15
	21500, 169, 0, 0, 15
	21000, 174, 0, 0, 14
	20500, 179, 0, 0, 15
	20000, 183, 0, 0, 13
	19500, 187, 0, 0, 13
	19000, 193, 0, 0, 15
	18500, 196, 0, 0, 13
	18000, 200, 0, 0, 14
	17500, 203, 0, 0, 13
	17000, 206, 0, 0, 13
	16500, 209, 0, 0, 13
	16000, 212, 0, 0, 14
	15500, 214, 0, 0, 12
	15000, 217, 0, 0, 14
	14500, 219, 0, 0, 13
	14000, 221, 0, 0, 13
	13500, 224, 0, 0, 13
	13000, 226, 0, 0, 14
	12500, 228, 0, 0, 15
	12000, 229, 0, 0, 12
	11500, 231, 0, 0, 16
	11000, 232, 0, 0, 12
	10500, 234, 0, 0, 17
	10000, 235, 0, 0, 16
	9500, 236, 0, 0, 14
	9000, 237, 0, 0, 14
	8500, 238, 0, 0, 13
	8000, 239, 0, 0, 14
	7500, 240, 0, 0, 14
	7000, 241, 0, 0, 17
	6500, 242, 0, 0, 19
	6000, 242, 0, 0, 9
	5500, 243, 0, 0, 13
	5000, 244, 0, 0, 18
	4500, 244, 0, 0, 8
	4000, 245, 0, 0, 15
	3500, 246, 0, 0, 23
	3000, 246, 0, 0, 13
	2500, 247, 0, 0, 25
	2000, 247, 0, 0, 15
	1500, 247, 0, 0, 5
	1000, 248, 0, 0, 16
	500, 248, 0, 0, 6
	0, 249, 0, 0, 24
</gaintable>

</list>